627,211,144,0,1
655,699,244,0,1
655,868,461,0,1
654,901,642,0,1
655,895,828,0,1
655,838,899,1,0
604,916,902,0,0
602,940,890,0,0
602,944,884,0,1
633,929,914,0,0
632,914,917,0,0
632,895,921,0,0
632,887,921,0,0
632,892,924,0,0
632,897,921,0,0
632,889,917,0,0
632,855,912,1,0
585,889,905,0,0
579,859,901,0,0
579,788,895,1,0
509,849,881,0,0
503,828,879,1,0
446,855,875,0,0
441,841,881,0,0
441,810,887,1,0
411,830,882,1,0
410,821,880,1,0
410,808,876,1,0
409,796,876,1,0
409,779,879,1,0
409,760,884,1,0
409,746,885,1,0
409,734,882,1,0
409,725,883,1,0
409,719,883,1,0
409,714,885,1,0
409,713,884,1,0
409,740,884,1,0
409,786,884,1,0
409,829,880,1,0
409,846,880,0,0
409,866,880,0,0
409,880,863,0,0
409,892,854,0,0
409,900,841,0,1
468,843,884,0,0
476,901,885,0,0
477,910,872,0,0
477,920,864,0,1
549,899,899,0,0
554,903,901,0,0
554,915,901,0,0
554,925,899,0,0
554,935,883,0,1
599,916,901,0,0
601,921,894,0,0
602,926,891,0,0
601,931,888,0,0
601,937,880,0,1
628,933,892,0,0
628,940,887,0,1
649,935,888,0,0
649,936,886,0,0
649,940,879,0,1
667,935,889,0,0
666,935,891,0,0
666,936,893,0,0
666,938,894,0,0
665,939,895,0,0
666,940,895,0,0
666,940,896,0,0
665,942,896,0,0
666,942,897,0,0
666,942,899,0,0
666,940,901,0,0
666,942,903,0,0
666,938,906,0,0
667,934,913,0,0
665,923,918,0,0
666,908,921,0,0
666,882,924,0,0
666,850,927,1,0
625,897,921,0,0
618,883,921,0,0
619,848,923,1,0
556,903,918,0,0
551,896,920,0,0
551,871,923,1,0
476,912,896,0,0
470,910,895,0,0
470,906,895,0,0
470,902,899,0,0
470,899,906,0,0
470,894,907,0,0
470,885,906,0,0
470,873,907,0,0
469,854,905,1,0
424,873,899,0,0
424,859,901,0,0
424,840,902,1,0
392,859,899,0,0
392,858,901,0,0
392,849,900,1,0
359,865,894,0,0
358,856,895,0,0
359,845,892,0,0
358,834,889,1,0
326,845,882,0,0
326,840,882,0,0
326,838,881,0,0
326,839,883,0,0
326,839,883,0,0
326,840,881,0,0
327,841,883,0,0
327,842,883,0,0
326,841,883,0,0
326,841,882,0,0
326,844,882,0,0
326,849,879,0,0
326,853,877,0,0
327,855,880,0,0
327,857,881,0,0
326,858,877,0,0
326,861,869,0,0
327,867,865,0,0
327,874,858,0,0
326,881,851,0,0
326,886,840,0,0
326,895,834,0,1
377,892,882,0,0
381,895,883,0,0
381,907,878,0,0
381,912,871,0,0
381,918,858,0,1
432,917,890,0,0
436,921,892,0,0
437,926,885,0,0
437,931,879,0,1
502,919,914,0,0
510,922,917,0,0
510,931,914,0,0
511,939,904,0,0
511,943,890,0,1
578,918,918,0,0
583,923,916,0,0
583,930,914,0,0
583,939,913,0,0
583,948,898,0,0
583,958,879,0,1
626,947,907,0,0
626,954,891,0,1
649,949,896,0,1
649,957,876,0,1
649,963,855,0,1
650,964,838,0,1
649,965,830,0,1
649,964,827,0,1
649,959,827,0,1
649,960,830,0,1
649,959,828,0,1
649,956,833,0,1
649,955,842,0,1
649,953,852,0,1
649,951,857,0,1
649,950,857,0,1
649,952,854,0,1
649,950,855,0,1
649,948,857,0,1
649,949,861,0,1
649,948,870,0,1
649,945,876,0,1
649,941,894,0,0
649,929,902,0,0
649,920,906,0,0
649,895,911,0,0
649,872,910,0,0
649,838,915,1,0
602,898,911,0,0
596,893,914,0,0
595,878,920,0,0
596,853,921,1,0
527,914,913,0,0
520,915,914,0,0
520,903,917,0,0
520,889,920,0,0
520,869,923,1,0
448,916,903,0,0
444,916,906,0,0
444,909,919,0,0
444,898,924,0,0
444,884,927,0,0
444,870,927,1,0
406,895,915,0,0
405,891,914,0,0
405,889,912,0,0
405,882,913,0,0
405,874,912,0,0
405,863,913,0,0
405,852,913,1,0
367,877,905,0,0
367,872,903,0,0
367,869,906,0,0
367,861,907,0,0
367,853,910,1,0
331,869,902,0,0
332,867,904,0,0
332,861,903,0,0
332,852,903,1,0
300,868,892,0,0
300,865,897,0,0
300,864,898,0,0
300,864,896,0,0
300,863,897,0,0
300,863,897,0,0
300,863,897,0,0
301,864,897,0,0
300,865,895,0,0
300,865,896,0,0
300,867,894,0,0
300,868,887,0,0
300,868,882,0,0
301,871,875,0,0
300,876,868,0,0
301,881,861,0,0
300,889,851,0,0
300,897,841,0,1
355,896,888,0,0
358,898,886,0,0
359,905,881,0,0
358,911,878,0,0
358,916,867,0,0
359,923,861,0,1
403,920,896,0,0
406,922,897,0,0
406,925,896,0,0
406,928,894,0,0
406,929,892,0,0
406,930,889,0,0
406,929,887,0,0
406,929,884,0,0
406,929,876,0,1
457,918,910,0,0
464,920,906,0,0
464,929,899,0,0
464,938,893,0,0
464,944,884,0,1
537,923,923,0,0
549,919,923,0,0
548,925,920,0,0
548,927,921,0,0
549,931,918,0,0
548,936,908,0,0
548,941,902,0,0
548,943,894,0,0
548,944,887,0,1
603,927,920,0,0
606,931,917,0,0
607,937,909,0,0
607,940,902,0,0
607,948,892,0,1
636,941,907,0,0
634,948,896,0,1
654,942,909,0,0
654,940,906,0,0
655,942,903,0,0
655,945,896,0,0
655,949,887,0,1
672,942,901,0,0
672,944,894,0,0
673,945,889,0,1
691,937,900,0,0
689,938,898,0,0
690,940,897,0,0
690,938,899,0,0
689,934,905,0,0
690,930,909,0,0
689,928,910,0,0
689,923,913,0,0
689,918,915,0,0
689,915,916,0,0
689,900,916,0,0
689,879,916,0,0
690,856,913,1,0
654,901,912,0,0
652,897,914,0,0
652,890,917,0,0
652,875,919,0,0
652,859,920,1,0
602,913,915,0,0
594,915,916,0,0
595,914,919,0,0
595,911,921,0,0
595,903,921,0,0
595,893,923,0,0
595,883,922,0,0
595,876,920,0,0
595,876,919,0,0
594,875,918,0,0
594,876,917,0,0
595,873,918,0,0
595,870,919,0,0
595,867,920,1,0
520,916,885,0,0
510,923,869,0,1
584,886,919,0,0
589,866,920,1,0
508,917,883,0,0
498,918,873,0,0
498,914,877,0,0
498,912,877,0,0
498,911,882,0,0
498,914,885,0,0
498,915,889,0,0
498,912,891,0,0
498,910,891,0,0
498,908,892,0,0
498,903,897,0,0
498,894,900,0,0
498,889,906,0,0
498,881,911,0,0
498,876,918,0,0
498,875,923,0,0
498,872,925,1,0
434,915,898,0,0
431,915,897,0,0
430,914,902,0,0
431,912,910,0,0
431,907,918,0,0
431,901,923,0,0
431,894,925,0,0
431,888,924,0,0
431,880,926,0,0
431,870,924,1,0
389,896,908,0,0
388,894,908,0,0
389,889,913,0,0
388,884,918,0,0
388,877,921,0,0
388,867,921,1,0
348,891,901,0,0
346,891,901,0,0
347,890,900,0,0
346,887,903,0,0
346,885,906,0,0
347,882,905,0,0
348,881,907,0,0
347,883,905,0,0
346,884,904,0,0
346,883,908,0,0
346,882,911,0,0
346,880,913,0,0
346,875,914,0,0
346,870,914,0,0
346,865,915,0,0
347,857,921,1,0
306,880,910,0,0
307,879,913,0,0
306,880,913,0,0
306,878,910,0,0
307,880,908,0,0
306,879,910,0,0
307,880,908,0,0
306,880,907,0,0
307,881,905,0,0
307,880,905,0,0
306,879,908,0,0
307,875,906,0,0
306,868,904,0,0
306,860,903,0,0
306,855,899,0,0
306,848,894,0,0
307,843,893,0,0
307,843,892,0,0
307,846,892,0,0
306,849,890,0,0
307,861,885,0,0
306,871,876,0,0
306,880,873,0,0
306,891,865,0,0
306,905,851,0,1
359,905,898,0,0
362,908,895,0,0
363,911,895,0,0
363,912,891,0,0
363,917,888,0,0
363,918,884,0,0
363,918,883,0,0
363,919,880,0,0
363,921,873,0,0
363,924,872,0,1
412,914,911,0,0
416,910,912,0,0
416,915,909,0,0
416,919,903,0,0
416,923,897,0,0
416,926,892,0,0
416,928,891,0,0
416,931,887,0,0
415,932,883,0,0
416,933,879,0,1
477,916,919,0,0
483,909,920,0,0
483,912,920,0,0
483,915,920,0,0
483,919,915,0,0
483,922,909,0,0
483,926,905,0,0
483,931,903,0,0
483,933,899,0,0
483,935,897,0,0
483,936,894,0,0
483,938,895,0,0
483,941,890,0,1
558,908,926,0,0
563,904,927,0,0
563,917,925,0,0
563,927,922,0,0
564,934,918,0,0
563,941,912,0,0
563,944,903,0,0
563,947,901,0,0
564,947,900,0,0
563,946,898,0,0
563,949,893,0,1
614,924,919,0,0
615,928,916,0,0
616,935,915,0,0
615,939,912,0,0
615,944,908,0,0
615,945,905,0,0
616,947,901,0,0
616,949,897,0,1
638,939,913,0,0
638,939,912,0,0
638,940,909,0,0
638,941,907,0,0
638,941,906,0,0
638,940,905,0,0
638,942,905,0,0
638,940,906,0,0
638,939,909,0,0
638,935,911,0,0
638,933,915,0,0
638,927,919,0,0
638,916,923,0,0
638,904,924,0,0
638,887,930,0,0
638,871,935,1,0
579,0,923,1,0
491,955,829,0,1
562,936,924,0,0
570,924,935,0,0
569,911,939,0,0
570,891,944,1,0
481,944,898,0,0
472,942,896,0,0
472,939,906,0,0
473,938,914,0,0
472,936,918,0,0
473,932,923,0,0
473,928,925,0,0
473,922,929,0,0
473,916,932,0,0
473,917,936,0,0
473,912,937,0,0
473,909,940,0,0
473,905,943,0,0
472,899,944,0,0
473,890,945,1,0
420,930,917,0,0
420,931,917,0,0
419,929,918,0,0
420,928,919,0,0
419,924,921,0,0
419,919,923,0,0
419,913,926,0,0
419,906,931,0,0
419,897,934,0,0
419,889,938,0,0
419,880,940,1,0
377,907,920,0,0
377,907,921,0,0
376,905,924,0,0
376,901,931,0,0
376,895,934,0,0
377,889,936,0,0
376,882,936,1,0
333,907,911,0,0
333,907,912,0,0
333,906,911,0,0
333,904,911,0,0
333,902,914,0,0
333,902,916,0,0
333,899,916,0,0
333,898,915,0,0
333,898,914,0,0
334,900,912,0,0
332,900,907,0,0
333,905,900,0,0
334,906,894,0,0
332,906,880,0,0
333,906,867,0,0
332,905,857,0,0
334,903,851,0,1
383,896,897,0,0
386,894,899,0,0
386,899,897,0,0
386,902,892,0,0
387,906,888,0,0
386,910,889,0,0
386,914,887,0,0
386,913,885,0,0
387,917,882,0,0
386,916,879,0,0
387,921,878,0,0
386,922,874,0,0
387,924,868,0,1
441,914,912,0,0
447,913,913,0,0
447,917,912,0,0
447,922,908,0,0
447,927,904,0,0
447,930,901,0,0
447,931,899,0,0
447,933,896,0,0
447,933,894,0,0
447,933,890,0,0
447,939,888,0,1
522,914,930,0,0
531,903,932,0,0
531,909,932,0,0
531,911,931,0,0
532,915,931,0,0
532,921,929,0,0
531,924,924,0,0
532,931,920,0,0
531,932,913,0,0
532,938,908,0,0
532,942,902,0,0
531,944,896,0,0
532,947,892,0,1
593,923,925,0,0
598,922,928,0,0
598,927,927,0,0
598,931,928,0,0
598,935,925,0,0
599,939,923,0,0
599,942,919,0,0
597,943,914,0,0
598,945,910,0,0
598,947,908,0,0
598,949,906,0,0
598,950,904,0,0
598,951,900,0,1
628,940,920,0,0
627,944,914,0,0
628,949,905,0,0
627,953,898,0,1
653,941,920,0,0
654,936,919,0,0
654,934,921,0,0
654,935,921,0,0
654,932,923,0,0
653,928,925,0,0
654,920,926,0,0
653,908,931,0,0
654,891,934,0,0
653,865,936,1,0
598,933,924,0,0
592,932,926,0,0
592,925,931,0,0
592,913,936,0,0
592,893,938,0,0
592,864,944,1,0
509,939,909,0,0
498,942,906,0,0
498,939,911,0,0
498,938,915,0,0
499,935,919,0,0
499,929,922,0,0
498,924,926,0,0
498,921,930,0,0
499,916,933,0,0
499,906,938,0,0
499,893,941,0,0
498,878,942,1,0
433,925,904,0,0
429,925,903,0,0
430,921,907,0,0
430,921,913,0,0
430,919,915,0,0
430,917,915,0,0
429,916,918,0,0
430,911,918,0,0
429,905,920,0,0
430,907,919,0,0
430,909,919,0,0
429,901,918,0,0
430,904,922,0,0
430,906,922,0,0
430,913,923,0,0
429,916,925,0,0
429,920,924,0,0
430,921,929,0,0
430,919,933,0,0
429,912,934,0,0
429,901,937,0,0
429,888,938,0,0
430,877,938,1,0
385,918,925,0,0
383,915,925,0,0
383,911,928,0,0
383,907,931,0,0
383,901,934,0,0
382,890,936,0,0
382,877,938,1,0
339,915,928,0,0
338,913,929,0,0
337,912,928,0,0
336,908,929,0,0
338,903,929,0,0
337,901,930,0,0
338,901,930,0,0
336,899,928,0,0
337,895,930,0,0
336,896,926,0,0
337,896,926,0,0
337,905,922,0,0
337,911,917,0,0
337,915,914,0,0
337,914,906,0,0
338,919,901,0,0
337,922,894,0,0
337,926,883,0,0
337,927,877,0,0
336,929,868,0,1
387,920,910,0,0
393,921,912,0,0
392,923,907,0,0
392,928,900,0,0
392,930,897,0,0
392,932,894,0,0
392,935,890,0,0
392,936,883,0,1
448,921,924,0,0
455,919,926,0,0
454,924,924,0,0
455,928,920,0,0
455,931,916,0,0
454,933,914,0,0
455,936,908,0,0
454,938,905,0,0
454,941,902,0,0
454,941,900,0,0
455,943,895,0,0
455,945,891,0,1
531,912,928,0,0
537,900,931,0,0
537,907,930,0,0
537,911,929,0,0
538,918,928,0,0
538,924,927,0,0
538,928,925,0,0
538,932,920,0,0
538,939,913,0,0
538,942,904,0,0
538,944,900,0,0
538,945,894,0,1
601,917,925,0,0
602,921,925,0,0
601,931,923,0,0
602,935,920,0,0
602,938,918,0,0
602,942,915,0,0
602,942,911,0,0
601,945,907,0,0
601,949,903,0,0
602,949,898,0,1
633,938,919,0,0
632,940,916,0,0
632,942,914,0,0
632,947,907,0,0
632,951,899,0,1
655,946,911,0,0
655,951,899,0,1
673,944,908,0,0
673,946,908,0,0
673,947,904,0,0
672,949,899,0,0
672,948,894,0,1
692,938,908,0,0
692,936,908,0,0
691,937,910,0,0
691,937,909,0,0
691,937,912,0,0
691,936,911,0,0
691,934,915,0,0
691,931,919,0,0
691,928,921,0,0
691,927,923,0,0
691,925,921,0,0
691,926,924,0,0
691,925,923,0,0
691,918,924,0,0
691,915,929,0,0
691,914,928,0,0
691,916,926,0,0
691,920,924,0,0
691,922,922,0,0
691,927,922,0,0
691,930,919,0,0
691,932,918,0,0
691,928,919,0,0
690,924,923,0,0
691,916,927,0,0
690,912,928,0,0
690,909,928,0,0
690,906,931,0,0
690,903,931,0,0
690,899,931,0,0
691,894,929,0,0
691,890,929,0,0
691,882,929,0,0
691,874,932,1,0
652,939,908,0,0
647,942,901,0,0
647,945,895,0,0
648,947,889,0,1
667,931,903,0,0
667,927,899,0,0
666,924,898,0,0
667,917,902,0,0
667,909,907,0,0
667,903,909,0,0
667,902,909,0,0
667,902,909,0,0
666,904,906,0,0
667,902,905,0,0
667,903,903,0,0
667,905,901,0,0
667,905,896,0,0
667,906,895,0,0
667,900,894,0,0
667,898,899,0,0
667,895,903,0,0
667,888,911,0,0
666,882,921,0,0
666,866,927,1,0
622,927,922,0,0
617,923,926,0,0
617,902,934,0,0
617,870,942,1,0
548,931,922,0,0
540,930,925,0,0
540,920,930,0,0
541,913,936,0,0
540,904,940,0,0
540,889,942,1,0
455,934,889,0,0
449,935,881,0,1
533,882,943,1,0
453,933,902,0,0
447,935,901,0,0
448,936,907,0,0
448,933,911,0,0
448,929,915,0,0
448,928,922,0,0
448,926,926,0,0
447,922,931,0,0
448,919,933,0,0
448,917,934,0,0
448,915,935,0,0
447,910,939,0,0
447,905,942,0,0
447,892,946,1,0
403,929,923,0,0
400,927,922,0,0
399,927,920,0,0
400,928,917,0,0
400,927,919,0,0
400,927,922,0,0
401,928,925,0,0
400,920,927,0,0
400,918,930,0,0
400,911,935,0,0
400,907,939,0,0
400,903,941,0,0
400,898,942,0,0
400,892,941,0,0
400,887,939,1,0
354,922,913,0,0
354,927,910,0,0
353,928,910,0,0
353,922,913,0,0
352,916,916,0,0
352,914,919,0,0
353,912,922,0,0
353,906,928,0,0
353,891,931,0,0
353,880,934,1,0
311,909,923,0,0
312,905,927,0,0
313,898,932,0,0
312,897,932,0,0
313,899,933,0,0
311,899,932,0,0
312,896,931,0,0
312,899,927,0,0
313,902,920,0,0
311,907,909,0,0
312,912,900,0,0
311,915,897,0,0
312,914,895,0,0
311,913,889,0,0
312,913,880,0,0
312,916,870,0,0
313,921,850,0,1
366,912,910,0,0
369,913,909,0,0
370,915,903,0,0
370,919,896,0,0
369,924,886,0,0
370,927,879,0,0
369,930,872,0,1
416,921,908,0,0
421,921,908,0,0
421,924,907,0,0
421,927,902,0,0
421,930,898,0,0
420,933,892,0,0
421,939,888,0,1
483,913,929,0,0
491,905,930,0,0
491,913,930,0,0
491,916,928,0,0
491,919,929,0,0
491,924,927,0,0
491,928,925,0,0
491,932,921,0,0
491,936,917,0,0
491,941,912,0,0
491,943,912,0,0
492,945,908,0,0
491,948,902,0,0
491,952,894,0,1
569,903,936,0,0
574,897,934,0,0
575,907,932,0,0
575,913,929,0,0
575,921,927,0,0
574,928,921,0,0
574,938,916,0,0
574,945,912,0,0
574,949,903,0,0
574,952,897,0,1
620,927,926,0,0
621,933,923,0,0
620,940,920,0,0
620,946,913,0,0
621,950,907,0,0
621,953,902,0,1
649,934,923,0,0
648,936,920,0,0
649,939,921,0,0
648,939,920,0,0
648,939,917,0,0
649,939,919,0,0
648,939,921,0,0
649,938,921,0,0
649,938,923,0,0
649,934,924,0,0
649,930,927,0,0
649,923,930,0,0
649,908,935,0,0
649,891,941,0,0
648,861,945,1,0
593,941,925,0,0
586,939,928,0,0
586,924,938,0,0
586,897,947,0,0
586,856,950,1,0
499,953,909,0,0
490,955,907,0,0
490,947,919,0,0
490,938,926,0,0
490,929,934,0,0
490,916,938,0,0
490,904,943,0,0
490,895,946,1,0
428,951,905,0,0
424,949,911,0,0
425,944,917,0,0
425,944,924,0,0
425,941,929,0,0
425,938,931,0,0
425,936,932,0,0
425,932,937,0,0
425,927,941,0,0
425,921,944,0,0
425,918,945,0,0
425,919,946,0,0
426,910,949,0,0
425,895,955,1,0
381,940,934,0,0
380,938,937,0,0
380,929,940,0,0
380,921,945,0,0
381,911,949,0,0
380,900,952,1,0
335,942,929,0,0
334,935,936,0,0
334,921,943,0,0
334,919,945,0,0
334,911,948,0,0
334,904,951,0,0
335,893,953,1,0
297,928,941,0,0
297,913,947,0,0
296,887,954,1,0
261,916,943,0,0
262,913,945,0,0
260,909,947,0,0
261,907,947,0,0
261,906,945,0,0
261,906,947,0,0
261,904,946,0,0
261,910,945,0,0
261,916,942,0,0
261,921,938,0,0
260,921,938,0,0
261,924,936,0,0
261,924,935,0,0
261,921,937,0,0
261,914,939,0,0
261,914,939,0,0
261,915,939,0,0
261,917,938,0,0
262,917,939,0,0
260,910,940,0,0
261,901,940,0,0
261,893,944,1,0
227,911,922,0,0
227,909,922,0,0
226,907,924,0,0
226,912,924,0,0
226,913,925,0,0
226,921,922,0,0
226,925,912,0,0
227,931,905,0,0
227,933,901,0,0
227,932,882,0,0
227,939,849,0,1
291,926,927,0,0
294,927,921,0,0
294,931,912,0,0
294,933,903,0,0
294,935,889,0,0
294,939,879,0,1
350,926,927,0,0
353,928,924,0,0
353,940,918,0,0
353,947,903,0,0
353,954,883,0,1
401,947,925,0,0
405,951,918,0,0
405,955,906,0,0
405,958,894,0,1
460,941,928,0,0
466,941,926,0,0
466,945,918,0,0
466,948,915,0,0
466,950,913,0,0
466,951,914,0,0
466,949,914,0,0
467,951,916,0,0
466,953,913,0,0
466,957,906,0,1
549,905,947,0,0
554,903,947,0,0
555,916,944,0,0
555,929,939,0,0
554,939,928,0,0
555,948,918,0,0
555,956,907,0,0
555,962,894,0,1
609,915,937,0,0
612,918,934,0,0
612,932,918,0,0
612,944,908,0,0
611,951,898,0,1
636,939,906,0,0
635,946,893,0,1
657,934,901,0,0
656,941,887,0,1
674,926,895,0,0
674,933,880,0,1
691,918,896,0,0
690,921,896,0,0
689,927,889,0,0
690,938,873,0,1
709,923,879,0,0
708,928,869,0,1
722,917,882,0,0
722,925,863,0,1
738,906,877,0,0
738,914,864,0,0
737,917,857,0,1
751,888,879,0,0
752,890,879,0,0
751,888,878,0,0
751,873,886,0,0
752,843,899,1,0
729,891,897,0,0
728,873,904,0,0
729,838,907,1,0
690,910,898,0,0
687,892,904,0,0
687,857,911,1,0
642,928,894,0,0
639,917,906,0,0
639,896,915,0,0
639,869,923,1,0
586,944,895,0,0
579,941,899,0,0
579,925,914,0,0
579,911,931,0,0
579,901,937,0,0
579,884,941,1,0
499,966,880,0,1
575,840,956,1,0
500,954,914,0,0
491,956,911,0,0
491,952,917,0,0
491,947,923,0,0
491,937,927,0,0
491,924,935,0,0
491,904,943,0,0
491,879,954,1,0
432,953,910,0,0
430,951,917,0,0
429,944,928,0,0
429,933,934,0,0
429,924,942,0,0
429,905,946,0,0
429,877,955,1,0
386,928,928,0,0
384,922,938,0,0
383,908,945,0,0
383,890,953,1,0
339,940,906,0,0
339,940,910,0,0
339,934,914,0,0
339,923,926,0,0
339,914,933,0,0
339,905,938,0,0
339,896,946,0,0
339,889,952,1,0
297,939,914,0,0
296,944,913,0,0
296,942,916,0,0
297,939,908,0,0
296,932,904,0,0
296,926,901,0,0
297,920,900,0,0
297,913,904,0,0
296,904,910,0,0
296,898,910,0,0
296,893,910,0,0
296,891,909,0,0
295,890,907,0,0
296,887,906,0,0
296,881,907,0,0
296,870,909,0,0
296,852,910,1,0
256,877,909,0,0
255,867,912,0,0
253,862,912,0,0
253,864,908,0,0
253,869,904,0,0
253,877,900,0,0
253,881,895,0,0
253,884,888,0,0
253,880,879,0,0
253,878,870,0,0
253,881,859,0,0
253,890,852,0,0
254,898,841,0,1
311,895,887,0,0
315,899,882,0,0
315,902,873,0,0
315,903,867,0,0
315,907,862,0,0
314,911,855,0,1
366,910,892,0,0
369,912,891,0,0
369,915,887,0,0
369,916,877,0,0
369,919,869,0,0
369,921,861,0,1
412,917,891,0,0
415,917,889,0,0
416,919,883,0,0
416,920,876,0,0
416,922,870,0,1
475,904,896,0,0
482,899,897,0,0
482,902,897,0,0
483,908,895,0,0
483,908,895,0,0
483,914,896,0,0
483,916,894,0,0
483,919,895,0,0
482,920,892,0,0
482,925,888,0,0
482,927,878,0,0
483,930,873,0,1
555,894,901,0,0
561,890,900,0,0
561,900,898,0,0
561,912,894,0,0
561,918,892,0,0
562,923,889,0,0
561,930,886,0,0
561,935,880,0,1
601,916,890,0,0
601,916,886,0,0
601,919,881,0,0
601,921,876,0,0
601,922,871,0,1
622,911,875,0,0
621,912,874,0,0
621,912,870,0,0
622,917,867,0,0
621,914,861,0,1
642,890,862,0,0
642,891,854,0,0
642,870,851,0,0
642,867,847,0,0
642,854,837,0,0
641,819,824,0,0
642,831,804,0,0
642,822,784,0,0
641,821,770,0,1
660,862,778,0,1
660,872,776,0,1
660,841,772,0,1
660,840,762,0,1
660,890,758,0,1
661,881,756,0,1
660,875,752,0,1
660,873,750,0,1
660,864,755,0,1
660,861,770,0,1
660,852,780,0,1
660,848,806,0,0
660,834,821,0,0
660,864,834,0,0
660,847,848,0,0
660,812,856,0,0
660,787,863,1,0
616,863,859,0,0
611,850,861,0,0
611,832,866,0,0
611,828,870,0,0
611,821,873,1,0
545,923,851,0,1
594,892,881,0,0
595,881,886,0,0
595,873,891,0,0
594,864,893,0,0
595,850,897,0,0
595,837,898,1,0
520,920,881,0,0
511,907,871,0,0
511,895,872,0,0
511,912,876,0,0
512,917,883,0,0
512,919,889,0,0
511,916,892,0,0
512,915,896,0,0
512,911,897,0,0
511,908,898,0,0
512,904,901,0,0
511,899,902,0,0
512,895,902,0,0
512,888,905,0,0
512,882,907,0,0
512,876,908,0,0
512,870,909,0,0
511,860,910,0,0
512,846,912,1,0
442,901,898,0,0
438,904,898,0,0
439,904,902,0,0
439,902,904,0,0
438,899,906,0,0
439,894,909,0,0
438,889,911,0,0
439,883,912,0,0
438,878,911,0,0
439,872,912,0,0
438,867,915,0,0
439,857,917,1,0
398,893,914,0,0
398,893,915,0,0
398,892,918,0,0
398,888,919,0,0
398,885,920,0,0
398,881,919,0,0
398,881,919,0,0
398,877,920,0,0
398,869,922,1,0
358,897,916,0,0
357,893,920,0,0
356,886,919,0,0
356,882,919,0,0
356,875,920,0,0
356,865,923,1,0
323,887,917,0,0
323,890,920,0,0
322,887,921,0,0
322,886,925,0,0
322,881,929,0,0
322,871,933,1,0
290,892,927,0,0
290,895,927,0,0
290,895,926,0,0
290,895,926,0,0
291,896,926,0,0
290,900,920,0,0
290,906,910,0,0
291,910,898,0,0
290,911,888,0,0
291,915,875,0,0
290,917,860,0,1
345,907,897,0,0
349,905,899,0,0
348,907,892,0,0
348,910,885,0,0
348,916,878,0,0
348,925,869,0,1
392,921,898,0,0
394,924,897,0,0
394,926,893,0,0
394,930,889,0,0
395,931,884,0,0
394,933,876,0,1
447,878,913,0,0
452,928,914,0,0
452,927,911,0,0
452,926,903,0,0
452,923,896,0,0
452,931,888,0,0
452,933,885,0,0
452,929,877,0,1
526,882,917,0,0
534,901,917,0,0
533,905,915,0,0
534,910,913,0,0
533,914,911,0,0
534,917,909,0,0
534,916,906,0,0
533,918,903,0,0
533,920,897,0,0
534,923,887,0,0
534,926,879,0,0
534,926,872,0,1
586,856,899,0,0
588,886,899,0,0
588,880,895,0,0
588,875,894,0,0
588,883,892,0,0
588,884,890,0,0
587,887,888,0,0
587,890,884,0,0
588,892,879,0,0
588,892,870,0,0
588,894,858,0,0
588,907,848,0,1
618,899,871,0,0
618,900,864,0,0
618,901,861,0,0
618,902,857,0,0
617,906,853,0,1
636,903,869,0,0
634,906,869,0,0
635,907,866,0,0
635,907,864,0,0
634,909,858,0,1
655,909,865,0,0
654,899,860,0,0
653,900,856,0,0
653,896,858,0,0
653,909,858,0,1
671,906,867,0,0
671,909,869,0,0
671,905,872,0,0
671,899,878,0,0
671,894,882,0,0
671,887,886,0,0
671,878,891,0,0
670,863,896,0,0
670,841,900,1,0
630,890,896,0,0
627,886,899,0,0
626,873,902,0,0
626,863,906,0,0
626,849,909,1,0
563,923,897,0,0
556,926,895,0,0
556,924,898,0,0
555,923,903,0,0
555,921,906,0,0
556,918,909,0,0
556,910,914,0,0
556,899,918,0,0
556,886,921,0,0
556,873,923,0,0
556,856,924,1,0
469,931,895,0,0
461,935,888,0,0
461,934,893,0,0
461,933,898,0,0
461,931,904,0,0
461,927,909,0,0
461,925,913,0,0
461,922,916,0,0
461,919,921,0,0
462,915,923,0,0
462,913,927,0,0
462,909,929,0,0
461,901,929,0,0
461,895,930,0,0
461,882,930,0,0
462,867,931,1,0
413,908,919,0,0
411,907,920,0,0
411,902,922,0,0
411,897,923,0,0
411,893,922,0,0
411,887,925,0,0
411,880,925,0,0
411,874,926,1,0
366,903,912,0,0
364,905,913,0,0
365,902,915,0,0
364,898,918,0,0
365,898,920,0,0
364,893,922,0,0
364,888,925,0,0
364,881,925,0,0
364,873,924,1,0
324,895,908,0,0
324,894,911,0,0
324,897,915,0,0
324,899,920,0,0
324,893,922,0,0
324,885,921,0,0
324,874,920,0,0
324,866,922,1,0
287,886,911,0,0
288,886,914,0,0
287,885,915,0,0
288,885,913,0,0
289,887,909,0,0
287,893,905,0,0
287,896,900,0,0
287,901,893,0,0
288,903,885,0,0
288,905,880,0,0
288,906,870,0,0
288,907,864,0,0
287,909,857,0,1
344,899,905,0,0
347,900,904,0,0
347,895,903,0,0
348,904,898,0,0
348,909,898,0,0
347,914,897,0,0
348,917,894,0,0
348,918,891,0,0
349,921,883,0,0
348,928,876,0,1
395,922,911,0,0
398,926,911,0,0
398,930,907,0,0
398,933,901,0,0
398,938,895,0,0
399,943,889,0,1
454,917,928,0,0
460,0,928,1,0
399,948,851,0,1
453,940,911,0,0
459,944,908,0,0
459,947,904,0,0
458,950,895,0,1
534,917,931,0,0
542,914,929,0,0
542,920,924,0,0
542,925,925,0,0
542,931,922,0,0
542,937,920,0,0
542,941,914,0,0
542,943,908,0,0
542,947,901,0,0
542,949,900,0,0
542,950,898,0,1
591,912,924,0,0
594,911,921,0,0
594,917,913,0,0
593,921,910,0,0
593,928,908,0,0
593,932,900,0,0
593,936,895,0,0
594,938,889,0,0
593,939,887,0,1
619,928,896,0,0
618,930,890,0,0
618,932,884,0,0
618,933,880,0,1
641,918,887,0,0
641,918,884,0,0
641,921,885,0,0
641,924,878,0,0
640,928,872,0,1
662,918,867,0,1
662,922,858,0,1
662,922,849,0,1
662,921,842,0,1
662,926,834,0,1
662,926,835,0,1
662,926,841,0,1
662,927,848,0,1
663,925,855,0,1
661,922,867,0,1
663,917,881,0,0
661,907,891,0,0
661,897,897,0,0
661,883,905,0,0
661,863,909,0,0
661,836,914,1,0
619,894,912,0,0
613,892,914,0,0
613,877,919,0,0
613,861,922,1,0
548,930,911,0,0
538,932,912,0,0
539,926,923,0,0
538,915,929,0,0
538,903,933,0,0
538,893,934,0,0
538,880,936,1,0
456,939,901,0,0
450,941,896,0,0
451,941,897,0,0
451,941,899,0,0
451,942,899,0,0
451,941,900,0,0
450,940,900,0,0
450,941,900,0,0
450,940,902,0,0
450,939,905,0,0
451,935,909,0,0
450,930,914,0,0
450,926,919,0,0
450,920,923,0,0
450,914,927,0,0
450,911,932,0,0
450,904,935,0,0
450,898,935,0,0
450,887,936,0,0
451,877,936,1,0
404,916,925,0,0
403,911,931,0,0
403,899,935,0,0
403,889,934,0,0
403,879,931,1,0
361,908,915,0,0
361,904,921,0,0
360,900,922,0,0
362,899,924,0,0
360,900,923,0,0
360,898,923,0,0
360,893,924,0,0
360,884,925,0,0
360,874,926,1,0
322,895,913,0,0
322,892,914,0,0
322,891,915,0,0
322,885,916,0,0
322,885,919,0,0
322,882,921,0,0
322,874,923,0,0
323,872,922,0,0
322,867,923,1,0
288,892,911,0,0
288,892,915,0,0
288,889,916,0,0
288,888,914,0,0
289,889,913,0,0
287,889,907,0,0
288,893,896,0,0
287,896,889,0,0
288,896,884,0,0
288,896,882,0,0
288,901,877,0,0
289,907,865,0,0
289,911,850,0,1
342,907,896,0,0
347,910,893,0,0
346,914,890,0,0
346,918,885,0,0
346,923,875,0,0
346,928,862,0,1
393,924,901,0,0
396,925,899,0,0
396,929,895,0,0
396,930,894,0,0
396,933,891,0,0
396,936,886,0,0
396,937,880,0,1
450,920,920,0,0
457,915,922,0,0
457,921,921,0,0
457,924,916,0,0
457,931,910,0,0
457,938,903,0,0
457,944,894,0,0
457,948,885,0,1
536,904,924,0,0
547,915,926,0,0
547,923,925,0,0
547,931,921,0,0
548,937,917,0,0
548,940,908,0,0
547,945,899,0,0
548,948,893,0,1
600,910,920,0,0
603,903,915,0,0
603,907,909,0,0
603,916,900,0,0
603,924,891,0,0
603,929,880,0,0
602,931,861,0,1
632,914,881,0,0
632,923,877,0,0
632,930,871,0,1
655,897,880,0,0
655,897,877,0,0
654,911,875,0,0
655,897,870,0,0
655,902,869,0,0
653,903,872,0,0
654,917,877,0,0
654,903,885,0,0
655,898,892,0,0
654,905,901,0,0
654,885,910,0,0
654,861,917,1,0
604,928,905,0,0
598,929,910,0,0
598,923,918,0,0
600,910,923,0,0
598,900,926,0,0
599,884,927,0,0
598,866,932,1,0
521,939,907,0,0
510,947,903,0,0
510,943,907,0,0
510,939,912,0,0
510,937,914,0,0
510,933,921,0,0
510,931,927,0,0
510,927,931,0,0
510,925,932,0,0
510,916,935,0,0
510,906,937,0,0
510,890,941,1,0
437,939,911,0,0
433,937,915,0,0
433,930,920,0,0
433,927,925,0,0
434,922,925,0,0
434,919,931,0,0
433,914,935,0,0
433,907,940,0,0
433,902,938,0,0
434,894,941,0,0
433,884,943,1,0
388,914,925,0,0
387,910,924,0,0
387,909,925,0,0
387,905,927,0,0
387,903,931,0,0
387,899,936,0,0
387,893,939,0,0
387,888,938,0,0
387,882,938,1,0
345,911,915,0,0
343,912,918,0,0
343,909,922,0,0
343,909,924,0,0
343,907,928,0,0
343,902,930,0,0
343,895,932,0,0
344,884,937,1,0
301,904,918,0,0
302,902,919,0,0
301,900,916,0,0
300,901,915,0,0
301,901,913,0,0
300,900,911,0,0
300,903,905,0,0
300,906,896,0,0
301,912,880,0,0
302,915,851,0,1
356,904,912,0,0
358,911,907,0,0
358,917,895,0,0
358,924,885,0,0
358,929,865,0,1
408,925,913,0,0
411,928,912,0,0
411,932,907,0,0
411,935,898,0,0
410,939,892,0,0
411,942,883,0,1
469,926,924,0,0
477,924,929,0,0
477,924,927,0,0
477,928,924,0,0
477,929,921,0,0
477,930,918,0,0
477,931,912,0,0
477,929,907,0,0
477,928,900,0,0
477,927,893,0,0
477,922,884,0,0
477,920,878,0,0
477,924,872,0,1
557,897,907,0,0
563,893,903,0,0
563,905,897,0,0
562,917,887,0,0
563,921,872,0,0
563,922,860,0,1
613,909,889,0,0
615,904,885,0,0
615,900,885,0,0
614,898,884,0,0
615,897,884,0,0
615,897,887,0,0
615,900,887,0,0
614,905,890,0,0
615,904,889,0,0
615,903,886,0,0
615,903,882,0,0
616,905,877,0,0
615,905,865,0,0
616,905,870,0,0
615,903,863,0,0
615,906,856,0,0
615,912,852,0,1
638,899,856,0,0
639,904,854,0,0
638,902,864,0,0
639,895,854,0,0
638,899,854,0,0
638,899,854,0,0
638,900,854,0,0
638,910,839,0,1
661,911,838,0,1
661,913,814,0,1
662,917,775,0,1
661,920,709,0,1
661,919,654,0,1
661,920,596,0,1
661,916,531,0,1
662,901,375,0,1
662,880,305,0,1
661,873,294,0,1
661,867,309,0,1
662,846,274,0,1
662,833,263,0,1
662,847,264,0,1
661,889,299,0,1
661,912,488,0,1
661,919,585,0,1
661,929,677,0,1
661,931,736,0,1
661,932,793,0,1
661,933,819,0,1
661,925,855,0,1
662,914,868,0,0
660,907,872,0,0
660,900,875,0,0
661,888,879,0,0
661,870,879,0,0
661,845,871,0,0
661,832,862,0,0
661,854,863,0,0
661,865,864,0,0
661,847,860,0,0
661,805,852,0,0
661,732,849,1,0
619,777,848,1,0
574,813,848,0,0
568,808,853,0,0
568,792,852,1,0
488,856,826,0,0
480,865,820,0,0
480,873,829,0,0
480,879,835,0,0
480,885,842,0,0
480,890,850,0,0
480,896,856,0,0
480,899,860,0,0
480,904,864,0,0
480,904,864,0,0
480,899,872,0,0
480,895,875,0,0
480,888,879,0,0
480,875,881,0,0
480,864,885,0,0
480,853,886,0,0
480,839,886,0,0
480,827,884,1,0
423,879,881,0,0
423,881,880,0,0
423,881,883,0,0
423,877,885,0,0
423,872,885,0,0
422,867,884,0,0
423,863,885,0,0
423,862,884,0,0
423,860,885,0,0
423,858,886,0,0
423,858,884,0,0
423,857,883,0,0
423,855,883,0,0
423,856,884,0,0
423,853,884,0,0
423,853,884,0,0
423,856,886,0,0
423,857,891,0,0
423,857,892,0,0
423,845,891,0,0
423,811,890,1,0
380,842,887,0,0
379,830,891,1,0
339,855,889,0,0
338,853,891,0,0
338,851,894,0,0
338,847,896,0,0
338,848,895,0,0
338,847,897,0,0
338,845,896,1,0
303,859,876,0,0
304,856,876,0,0
303,853,875,0,0
304,853,874,0,0
304,851,875,0,0
304,853,876,0,0
304,856,877,0,0
304,856,881,0,0
304,852,884,0,0
304,850,886,0,0
304,855,883,0,0
304,864,880,0,0
304,873,870,0,0
304,885,854,0,0
304,892,835,0,1
354,894,866,0,0
358,903,854,0,0
359,913,834,0,1
401,916,855,0,1
436,917,867,0,0
440,917,859,0,1
503,894,882,0,0
512,889,880,0,0
512,896,878,0,0
512,902,878,0,0
512,908,874,0,0
512,910,873,0,0
512,915,869,0,0
512,916,863,0,1
577,870,877,0,0
582,859,877,0,0
582,867,876,0,0
583,880,872,0,0
582,895,869,0,0
582,905,863,0,0
582,910,858,0,1
620,888,860,0,0
619,900,855,0,0
620,906,852,0,1
642,887,856,0,0
642,895,851,0,0
642,903,849,0,1
661,889,852,0,0
661,897,851,0,0
660,902,850,0,1
681,891,855,0,0
680,902,852,0,0
681,908,852,0,1
698,892,854,0,0
697,897,852,0,0
696,900,849,0,1
711,875,851,0,0
711,859,852,0,0
712,847,861,0,0
710,829,872,0,0
711,792,879,1,0
677,853,876,0,0
675,828,883,1,0
633,885,878,0,0
628,875,884,0,0
628,854,888,0,0
629,829,893,1,0
577,901,887,0,0
568,903,890,0,0
568,891,896,0,0
568,877,900,0,0
568,857,905,0,0
568,834,908,1,0
481,918,890,0,0
471,923,887,0,0
471,920,895,0,0
472,919,900,0,0
472,916,905,0,0
471,915,906,0,0
471,913,906,0,0
472,912,909,0,0
472,912,908,0,0
472,912,908,0,0
472,908,910,0,0
472,901,913,0,0
472,893,914,0,0
472,883,915,0,0
472,874,912,0,0
472,862,911,0,0
472,846,915,1,0
421,896,903,0,0
417,896,905,0,0
416,890,907,0,0
416,868,906,0,0
416,841,904,1,0
377,870,898,0,0
376,863,901,0,0
376,851,902,1,0
336,873,885,0,0
335,872,884,0,0
335,872,885,0,0
335,866,890,0,0
335,858,892,0,0
335,848,892,0,0
335,839,890,1,0
300,850,871,0,0
299,848,868,0,0
299,843,871,0,0
299,837,872,0,0
299,828,870,0,0
299,819,868,0,0
299,809,865,1,0
264,816,840,0,0
265,814,840,0,0
264,808,841,0,0
264,805,840,0,0
264,804,840,0,0
265,805,841,0,0
264,812,838,0,0
263,829,836,0,0
265,849,826,0,0
263,861,815,0,0
264,869,805,0,1
320,868,863,0,0
324,875,858,0,0
325,880,849,0,0
324,891,838,0,1
372,896,868,0,0
376,902,864,0,0
376,908,859,0,0
376,912,852,0,1
421,907,880,0,0
424,907,884,0,0
425,911,885,0,0
424,912,884,0,0
424,917,883,0,0
424,919,883,0,0
424,920,883,0,0
424,925,879,0,0
424,926,876,0,0
425,927,872,0,1
490,902,907,0,0
497,895,909,0,0
498,902,907,0,0
497,908,905,0,0
498,917,903,0,0
497,921,901,0,0
497,925,895,0,0
497,933,891,0,0
497,936,888,0,0
497,938,884,0,1
570,887,919,0,0
575,883,916,0,0
575,891,916,0,0
575,903,915,0,0
575,914,912,0,0
575,923,909,0,0
575,931,905,0,0
575,936,899,0,0
575,940,890,0,0
575,945,885,0,1
618,919,913,0,0
618,926,905,0,0
618,932,900,0,0
617,937,892,0,0
618,940,882,0,1
638,934,890,0,0
638,938,881,0,1
657,929,893,0,0
658,933,885,0,0
657,939,877,0,1
675,930,891,0,0
675,935,887,0,0
675,938,882,0,1
692,929,887,0,0
692,935,879,0,1
709,922,890,0,0
709,915,902,0,0
709,912,910,0,0
708,920,911,0,0
709,930,901,0,0
708,935,884,0,1
724,935,872,0,1
724,936,848,0,1
724,935,837,0,1
724,932,825,0,1
724,935,801,0,1
724,937,771,0,1
724,939,757,0,1
724,940,774,0,1
723,941,798,0,1
724,940,837,0,1
724,929,888,0,0
722,887,904,0,0
723,795,903,1,0
711,732,893,1,0
710,616,876,1,0
712,510,867,1,0
711,474,863,1,0
711,477,869,1,0
711,476,866,1,0
711,439,845,1,0
710,381,792,1,0
710,343,761,1,0
711,384,859,1,0
711,476,910,1,0
711,588,908,1,0
710,650,904,1,0
711,670,895,1,0
710,746,891,1,0
711,824,880,1,0
711,779,881,1,0
710,642,880,1,0
711,496,863,1,0
711,426,803,1,0
711,347,669,1,0
711,303,537,1,0
710,272,476,1,0
710,247,372,1,0
710,230,264,0,0
709,223,271,0,0
711,229,415,1,0
687,289,792,1,0
686,407,880,1,0
686,478,895,1,0
686,475,890,1,0
686,447,877,1,0
687,410,850,1,0
686,352,786,1,0
686,304,699,1,0
686,273,592,1,0
686,251,503,1,0
685,237,473,1,0
686,227,423,1,0
686,220,385,1,0
686,215,401,1,0
686,228,584,1,0
686,292,859,1,0
686,452,918,1,0
686,692,915,1,0
686,789,903,1,0
686,835,888,1,0
685,864,877,0,0
686,872,864,0,0
685,878,857,0,0
685,883,854,0,0
685,891,849,0,0
686,897,841,0,1
697,896,846,0,0
696,544,670,1,0
681,375,408,0,0
680,896,873,0,0
680,892,887,0,0
680,871,899,0,0
680,822,907,1,0
646,800,904,1,0
638,681,900,1,0
638,467,871,1,0
638,389,821,1,0
637,315,720,1,0
638,274,619,1,0
638,251,527,1,0
638,248,624,1,0
638,276,759,1,0
638,381,877,1,0
638,531,913,1,0
638,687,917,1,0
638,731,915,1,0
638,734,913,1,0
638,776,913,1,0
638,818,910,1,0
638,846,900,1,0
638,869,889,0,0
639,893,881,0,0
638,585,776,1,0
606,344,271,0,1
632,273,248,0,0
632,883,880,0,0
633,879,893,0,0
633,818,907,1,0
602,829,908,1,0
602,802,911,1,0
602,781,908,1,0
602,735,907,1,0
602,690,903,1,0
601,643,900,1,0
601,543,890,1,0
593,454,874,1,0
561,466,883,1,0
507,683,888,1,0
459,821,888,1,0
441,850,883,0,0
440,855,885,0,0
441,860,894,0,0
441,860,905,0,0
441,849,911,1,0
414,874,913,0,0
414,864,913,0,0
414,851,915,1,0
386,876,912,0,0
387,879,917,0,0
386,873,918,0,0
386,860,919,1,0
358,880,914,0,0
358,879,911,0,0
358,873,908,0,0
359,867,909,0,0
358,865,908,0,0
358,862,909,0,0
358,863,908,0,0
358,864,905,0,0
359,871,901,0,0
358,883,893,0,0
358,893,875,0,0
359,897,859,0,0
358,902,842,0,1
401,903,861,0,0
403,907,847,0,1
449,906,875,0,0
455,910,868,0,0
455,913,857,0,1
517,895,880,0,0
523,893,881,0,0
524,897,879,0,0
524,906,879,0,0
523,911,877,0,0
524,916,871,0,0
524,918,859,0,1
574,905,880,0,0
575,905,882,0,0
575,910,882,0,0
575,915,881,0,0
574,919,877,0,0
575,924,863,0,1
605,922,874,0,0
606,927,860,0,1
622,928,861,0,1
622,933,837,0,1
622,935,819,0,1
622,935,809,0,1
622,935,797,0,1
622,935,789,0,1
623,935,789,0,1
622,937,793,0,1
622,938,785,0,1
622,938,768,0,1
622,938,731,0,1
622,937,680,0,1
622,935,619,0,1
623,932,590,0,1
622,933,570,0,1
623,935,564,0,1
623,937,580,0,1
622,938,613,0,1
623,939,660,0,1
622,940,719,0,1
622,939,773,0,1
623,935,820,0,1
622,928,864,0,1
622,911,885,0,0
622,881,896,0,0
622,840,903,1,0
538,904,898,0,0
532,901,902,0,0
532,891,906,0,0
532,870,911,0,0
532,847,913,1,0
468,908,902,0,0
464,909,902,0,0
464,907,904,0,0
464,897,905,0,0
464,881,908,0,0
464,855,913,1,0
430,887,914,0,0
430,871,913,0,0
430,855,916,1,0
401,882,910,0,0
401,862,915,1,0
375,872,914,0,0
376,856,914,1,0
346,874,911,0,0
346,864,910,0,0
346,856,911,1,0
325,867,908,0,0
324,862,909,0,0
324,858,909,1,0
298,875,898,0,0
298,878,899,0,0
297,878,900,0,0
297,880,901,0,0
297,883,899,0,0
297,885,894,0,0
297,887,889,0,0
298,894,878,0,0
297,901,864,0,0
297,908,844,0,1
346,906,875,0,0
348,911,867,0,0
348,913,860,0,1
382,913,876,0,0
383,917,871,0,0
383,918,866,0,1
421,903,888,0,0
423,919,885,0,0
423,920,882,0,0
423,924,881,0,0
423,928,880,0,0
423,933,877,0,1
478,920,910,0,0
484,916,910,0,0
484,920,907,0,0
484,926,901,0,0
484,931,894,0,0
484,933,887,0,0
484,935,883,0,1
554,907,914,0,0
559,906,915,0,0
559,910,915,0,0
559,920,913,0,0
559,927,909,0,0
559,934,900,0,0
559,935,897,0,0
559,939,891,0,0
559,942,882,0,1
604,927,908,0,0
606,926,907,0,0
606,931,905,0,0
606,938,897,0,0
606,943,882,0,1
628,936,893,0,0
627,943,878,0,1
649,937,892,0,0
649,937,891,0,0
649,942,887,0,1
666,937,894,0,0
664,941,893,0,0
664,943,890,0,1
682,936,899,0,0
681,937,896,0,0
681,938,896,0,0
681,936,895,0,0
681,925,897,0,0
681,909,905,0,0
681,885,907,0,0
680,849,906,1,0
648,884,901,0,0
646,863,903,0,0
646,816,907,1,0
602,0,902,1,0
547,905,897,0,0
539,905,895,0,0
539,905,901,0,0
540,907,905,0,0
539,897,905,0,0
539,883,911,0,0
540,846,920,1,0
461,931,910,0,0
456,932,915,0,0
456,927,922,0,0
456,921,925,0,0
456,911,929,0,0
456,901,932,0,0
456,893,935,0,0
456,879,938,1,0
415,925,931,0,0
414,920,932,0,0
415,913,936,0,0
414,903,940,0,0
414,883,947,1,0
379,915,942,0,0
379,893,951,1,0
344,915,941,0,0
344,901,947,0,0
343,877,950,1,0
312,891,944,1,0
312,877,946,1,0
311,871,947,1,0
312,871,946,1,0
312,869,947,1,0
311,860,947,1,0
312,857,946,1,0
312,869,945,1,0
311,892,938,0,0
313,913,925,0,0
312,928,906,0,0
311,935,889,0,0
312,938,867,0,1
352,936,891,0,0
352,940,880,0,1
383,936,891,0,0
384,940,881,0,1
415,935,895,0,0
416,936,890,0,0
416,939,887,0,1
462,922,915,0,0
467,922,915,0,0
467,926,912,0,0
466,927,908,0,0
466,930,905,0,0
466,932,900,0,0
466,933,895,0,0
466,935,893,0,0
466,935,893,0,0
466,936,891,0,0
467,938,888,0,0
466,939,884,0,1
532,911,918,0,0
537,910,916,0,0
537,918,914,0,0
537,929,907,0,0
537,937,897,0,0
537,940,888,0,1
582,923,915,0,0
584,928,912,0,0
584,933,907,0,0
584,938,902,0,0
584,944,892,0,1
614,931,913,0,0
614,934,911,0,0
614,939,905,0,0
614,943,898,0,0
613,945,893,0,1
632,937,907,0,0
632,941,900,0,0
633,946,889,0,1
649,947,881,0,1
649,948,852,0,1
649,946,827,0,1
649,944,808,0,1
649,941,802,0,1
649,943,811,0,1
650,942,828,0,1
649,938,837,0,1
649,934,843,0,1
649,928,868,0,1
649,913,890,0,0
649,885,900,0,0
649,841,908,1,0
616,873,907,0,0
612,838,909,1,0
563,887,900,0,0
558,878,903,0,0
557,857,905,0,0
557,834,906,1,0
484,909,897,0,0
477,908,899,0,0
478,904,904,0,0
478,899,907,0,0
477,883,908,0,0
477,868,910,0,0
478,847,916,1,0
431,898,913,0,0
430,887,915,0,0
430,876,918,0,0
429,862,920,1,0
397,891,920,0,0
397,878,922,0,0
397,870,923,1,0
365,900,916,0,0
365,902,918,0,0
365,902,919,0,0
366,901,922,0,0
365,895,925,0,0
365,894,923,0,0
366,898,921,0,0
366,905,915,0,0
365,911,910,0,0
365,917,900,0,0
366,919,891,0,0
366,921,880,0,0
365,921,870,0,1
406,914,892,0,0
408,918,886,0,0
408,922,874,0,0
408,926,866,0,1
457,920,897,0,0
464,922,891,0,0
464,925,882,0,0
464,929,873,0,1
532,902,904,0,0
536,897,904,0,0
536,904,903,0,0
537,912,902,0,0
537,922,897,0,0
537,931,882,0,0
537,936,866,0,1
583,928,893,0,0
585,930,891,0,0
585,933,885,0,0
584,936,871,0,1
612,933,884,0,0
612,935,866,0,1
628,935,863,0,1
628,937,849,0,1
628,939,827,0,1
628,940,800,0,1
628,939,750,0,1
628,937,711,0,1
628,932,646,0,1
628,920,545,0,1
628,901,396,0,1
628,885,334,0,1
628,856,313,0,1
628,812,294,0,1
628,786,282,0,1
628,789,279,0,1
628,827,289,0,1
628,857,301,0,1
628,868,309,0,1
628,874,313,0,1
628,884,321,0,1
628,899,419,0,1
628,913,610,0,1
629,923,723,0,1
629,920,790,0,1
628,918,834,0,1
628,913,858,0,1
628,913,875,0,0
628,918,883,0,0
628,925,890,0,0
628,924,903,0,0
628,915,911,0,0
628,894,918,0,0
628,883,921,0,0
628,865,920,1,0
521,934,857,0,1
569,920,908,0,0
570,910,919,0,0
570,902,924,0,0
570,878,932,1,0
496,935,904,0,0
490,936,907,0,0
490,933,915,0,0
490,931,920,0,0
490,928,929,0,0
490,918,935,0,0
491,910,939,0,0
490,896,940,0,0
490,876,944,1,0
436,930,924,0,0
434,926,927,0,0
435,915,936,0,0
434,899,940,0,0
434,880,943,1,0
403,909,936,0,0
403,901,941,0,0
402,895,942,0,0
402,896,942,0,0
402,898,943,0,0
402,898,943,0,0
403,897,944,0,0
402,895,943,0,0
402,894,943,0,0
403,890,944,1,0
366,914,927,0,0
365,900,935,0,0
366,879,943,1,0
334,892,939,0,0
335,848,949,1,0
311,842,950,1,0
311,824,950,1,0
311,816,950,1,0
311,818,949,1,0
311,823,949,1,0
311,829,949,1,0
311,841,949,1,0
311,857,944,1,0
311,878,941,1,0
311,901,931,0,0
312,920,914,0,0
311,934,894,0,0
312,940,861,0,1
351,941,887,0,1
352,946,863,0,1
352,947,818,0,1
353,947,757,0,1
352,943,705,0,1
353,937,650,0,1
353,931,593,0,1
352,923,582,0,1
353,906,571,0,1
352,886,563,0,1
352,863,555,0,1
353,837,543,0,1
352,821,531,0,1
352,813,523,0,1
352,809,518,0,1
352,808,517,0,1
352,807,515,0,1
352,809,511,0,1
352,812,510,0,1
352,855,513,0,1
353,951,528,0,1
352,972,727,0,1
352,968,876,0,1
353,959,905,0,1
352,955,915,0,0
353,918,945,0,0
353,832,968,1,0
329,928,939,0,0
330,959,897,0,1
357,957,886,0,1
359,960,849,0,1
359,964,795,0,1
359,967,707,0,1
359,965,668,0,1
358,963,757,0,1
358,962,877,0,1
358,934,935,0,0
359,867,956,1,0
336,898,948,0,0
336,904,942,0,0
335,916,939,0,0
335,920,938,0,0
335,921,936,0,0
335,933,928,0,0
335,942,909,0,0
335,946,888,0,1
367,935,904,0,0
368,937,893,0,0
368,944,888,0,1
394,938,906,0,0
393,943,896,0,0
394,947,884,0,1
429,932,890,0,0
432,945,874,0,1
478,930,903,0,0
483,930,905,0,0
483,932,902,0,0
483,937,893,0,0
483,942,885,0,1
545,904,914,0,0
550,904,913,0,0
551,912,909,0,0
551,925,903,0,0
551,930,899,0,0
551,931,897,0,0
551,935,889,0,0
551,938,878,0,1
592,926,897,0,0
594,933,883,0,0
593,937,869,0,1
618,935,876,0,1
618,939,865,0,1
617,939,857,0,1
617,940,842,0,1
617,943,804,0,1
617,942,726,0,1
617,943,628,0,1
617,941,560,0,1
617,938,504,0,1
617,935,490,0,1
617,933,472,0,1
617,928,465,0,1
617,929,428,0,1
617,930,418,0,1
617,935,541,0,1
617,941,687,0,1
617,937,710,0,1
617,938,709,0,1
617,935,689,0,1
617,931,615,0,1
617,925,604,0,1
617,927,675,0,1
617,927,736,0,1
617,923,785,0,1
617,918,826,0,1
617,928,826,0,1
618,936,799,0,1
617,939,810,0,1
618,938,832,0,1
617,929,868,0,1
617,910,894,0,0
617,867,910,0,0
617,772,920,1,0
576,1,925,1,0
519,902,915,0,0
512,893,923,0,0
512,876,931,1,0
457,922,904,0,0
455,919,909,0,0
455,907,919,0,0
455,893,932,0,0
455,859,941,1,0
424,894,935,0,0
425,881,935,1,0
402,905,928,0,0
402,899,932,0,0
403,888,936,0,0
402,866,934,1,0
376,896,931,0,0
376,886,927,0,0
375,879,923,0,0
375,861,919,1,0
346,872,911,0,0
346,850,910,1,0
327,857,908,1,0
327,841,907,1,0
327,816,907,1,0
326,788,906,1,0
327,766,903,1,0
327,745,900,1,0
327,735,897,1,0
327,735,897,1,0
327,750,896,1,0
326,782,898,1,0
327,817,899,1,0
326,841,897,1,0
327,861,893,0,0
327,876,893,0,0
327,889,888,0,0
327,897,882,0,0
327,902,873,0,0
326,905,861,0,0
327,905,853,0,1
358,903,881,0,0
358,905,875,0,0
359,905,868,0,0
358,904,861,0,0
359,903,857,0,0
359,904,850,0,1
389,901,871,0,0
390,903,869,0,0
389,902,868,0,0
389,905,868,0,0
389,909,870,0,0
389,913,873,0,0
389,914,874,0,0
389,915,876,0,0
389,919,874,0,0
390,921,871,0,0
389,920,866,0,1
429,915,901,0,0
431,903,906,0,0
431,916,907,0,0
431,920,905,0,0
432,925,899,0,0
431,928,894,0,0
431,930,890,0,0
431,935,888,0,0
431,939,875,0,1
487,930,912,0,0
491,929,910,0,0
491,931,904,0,0
492,935,898,0,0
492,940,891,0,0
492,943,881,0,1
558,926,916,0,0
562,927,915,0,0
562,933,912,0,0
562,938,905,0,0
562,943,897,0,0
562,949,885,0,1
601,939,910,0,0
602,942,897,0,0
602,948,888,0,1
623,940,903,0,0
624,943,899,0,0
623,946,897,0,0
623,945,893,0,1
641,933,909,0,0
641,929,908,0,0
641,924,910,0,0
641,914,911,0,0
641,895,911,0,0
641,870,914,0,0
641,820,919,1,0
596,882,915,0,0
593,855,919,1,0
524,916,910,0,0
517,912,915,0,0
517,895,921,0,0
516,876,924,0,0
516,853,925,1,0
449,927,913,0,0
445,930,912,0,0
446,926,916,0,0
446,923,921,0,0
446,912,925,0,0
446,900,925,0,0
446,880,927,0,0
446,856,931,1,0
409,907,926,0,0
407,907,928,0,0
407,904,927,0,0
408,901,929,0,0
407,888,930,0,0
407,871,933,1,0
373,898,927,0,0
373,893,927,0,0
372,886,929,0,0
372,873,932,1,0
340,896,929,0,0
339,887,931,0,0
339,882,930,0,0
339,878,931,1,0
312,901,926,0,0
312,893,931,0,0
314,885,934,0,0
313,878,936,1,0
291,899,930,0,0
290,900,931,0,0
290,901,930,0,0
291,899,929,0,0
291,900,926,0,0
291,905,920,0,0
291,908,912,0,0
291,915,904,0,0
290,920,894,0,0
290,931,879,0,1
336,929,905,0,0
341,932,901,0,0
340,930,895,0,0
340,934,892,0,0
341,939,883,0,1
378,937,902,0,0
382,941,897,0,0
381,946,882,0,1
419,945,901,0,0
422,948,891,0,1
466,939,913,0,0
472,943,904,0,0
472,945,897,0,0
472,950,894,0,1
540,908,929,0,0
547,917,922,0,0
547,934,906,0,0
547,941,891,0,0
547,947,876,0,1
593,926,903,0,0
594,929,892,0,0
594,936,878,0,1
618,928,889,0,0
617,931,880,0,1
634,914,892,0,0
633,906,895,0,0
633,903,896,0,0
633,902,896,0,0
633,899,896,0,0
633,894,897,0,0
633,891,899,0,0
633,891,899,0,0
633,891,896,0,0
633,885,895,0,0
633,871,898,0,0
634,850,900,0,0
633,820,905,1,0
584,898,903,0,0
577,906,902,0,0
577,896,902,0,0
577,854,904,0,0
577,748,890,1,0
497,864,895,0,0
489,859,900,0,0
489,832,904,1,0
434,898,901,0,0
431,894,905,0,0
431,886,906,0,0
431,877,910,0,0
431,860,910,0,0
431,834,916,1,0
397,872,920,0,0
397,842,925,1,0
366,871,923,1,0
366,863,922,1,0
365,859,916,1,0
365,857,915,1,0
365,854,918,1,0
364,839,922,1,0
364,817,924,1,0
364,778,927,1,0
364,724,926,1,0
364,680,922,1,0
365,733,923,1,0
364,823,919,1,0
364,877,910,0,0
366,902,896,0,0
365,913,876,0,0
365,922,843,0,1
392,924,846,0,1
392,923,807,0,1
392,921,750,0,1
392,912,689,0,1
392,909,638,0,1
392,903,574,0,1
393,893,554,0,1
393,877,547,0,1
393,861,542,0,1
393,836,536,0,1
392,808,531,0,1
392,784,523,0,1
392,769,510,0,1
392,769,503,0,1
393,786,513,0,1
392,912,528,0,1
392,968,657,0,1
393,969,877,0,1
392,936,937,0,0
392,863,962,1,0
372,876,959,1,0
372,883,960,1,0
373,919,944,0,0
372,950,925,0,0
372,966,894,0,1
394,964,900,0,1
394,967,880,0,1
394,970,844,0,1
394,975,755,0,1
395,979,613,0,1
394,979,580,0,1
394,976,570,0,1
394,970,564,0,1
394,959,564,0,1
394,944,564,0,1
394,927,562,0,1
394,911,556,0,1
394,919,549,0,1
394,944,562,0,1
394,959,647,0,1
394,955,776,0,1
394,943,843,0,1
394,933,856,0,1
394,927,847,0,1
394,926,839,0,1
394,939,829,0,1
394,949,789,0,1
394,952,733,0,1
394,951,680,0,1
394,947,626,0,1
394,943,570,0,1
394,700,554,0,1
394,530,478,0,1
394,579,474,0,1
394,957,737,0,1
394,956,820,0,1
394,955,863,0,1
394,957,870,0,1
394,956,845,0,1
394,963,764,0,1
394,971,621,0,1
394,971,609,0,1
394,967,597,0,1
394,956,570,0,1
394,934,550,0,1
394,912,541,0,1
394,900,534,0,1
394,915,533,0,1
394,942,540,0,1
394,957,559,0,1
394,963,623,0,1
394,965,699,0,1
394,966,721,0,1
394,967,722,0,1
394,967,716,0,1
395,966,716,0,1
394,967,715,0,1
394,967,719,0,1
394,968,720,0,1
394,963,737,0,1
395,957,760,0,1
394,952,735,0,1
394,950,693,0,1
394,943,628,0,1
394,781,630,0,1
395,512,587,1,0
376,545,482,0,1
398,426,469,0,0
398,330,830,1,0
381,951,857,0,1
403,951,889,0,1
403,953,885,0,1
403,955,880,0,1
403,959,869,0,1
403,962,844,0,1
403,968,782,0,1
403,970,692,0,1
403,971,642,0,1
402,968,805,0,1
403,950,913,0,0
402,913,943,0,0
403,909,942,0,0
403,928,926,0,0
403,944,900,0,0
403,957,854,0,1
423,966,817,0,1
430,967,790,0,1
431,967,773,0,1
430,969,707,0,1
